Name: Teszt4
Color: 0.931515 0.608598 0.869015
Size: 1.67553 1.67553 1.67553
