Name: Teszt1
Color: 0 0 0.16589
Size: 3.06133 3.06133 3.06133
