Name: Teszt3
Color: 1 0 0
Size: 3.13945 3.13945 3.13945
